i,A_i,conservation,-,A,C,D,E,F,G,H,I,K,L,M,N,P,Q,R,S,T,V,W,Y
0,M,0.998,0.000,0.000,0.000,0.000,0.000,0.000,0.000,0.000,0.000,0.000,0.001,0.999,0.000,0.000,0.000,0.000,0.000,0.000,0.000,0.000,0.000
1,S,0.473,0.337,0.374,0.000,0.002,0.011,0.000,0.008,0.000,0.001,0.066,0.000,0.001,0.012,0.045,0.006,0.001,0.115,0.013,0.006,0.000,0.000
2,K,0.652,0.222,0.002,0.000,0.007,0.013,0.000,0.003,0.003,0.000,0.673,0.000,0.000,0.015,0.000,0.010,0.031,0.010,0.009,0.001,0.000,0.000
3,E,0.453,0.181,0.013,0.000,0.109,0.454,0.000,0.005,0.001,0.001,0.087,0.000,0.000,0.010,0.003,0.102,0.007,0.018,0.008,0.001,0.000,0.000
4,D,0.376,0.164,0.031,0.000,0.327,0.242,0.000,0.062,0.001,0.000,0.042,0.001,0.000,0.034,0.011,0.051,0.004,0.016,0.009,0.001,0.000,0.000
5,S,0.209,0.154,0.135,0.006,0.004,0.011,0.012,0.027,0.020,0.018,0.103,0.154,0.017,0.024,0.024,0.014,0.005,0.045,0.028,0.193,0.000,0.006
6,F,0.532,0.141,0.002,0.001,0.001,0.004,0.019,0.013,0.000,0.607,0.003,0.106,0.008,0.006,0.001,0.002,0.006,0.003,0.006,0.039,0.031,0.002
7,E,0.504,0.096,0.004,0.000,0.016,0.616,0.001,0.000,0.002,0.051,0.040,0.006,0.001,0.002,0.002,0.063,0.020,0.007,0.045,0.028,0.000,0.001
8,M,0.308,0.078,0.021,0.001,0.000,0.002,0.096,0.000,0.043,0.086,0.010,0.098,0.201,0.000,0.000,0.050,0.003,0.002,0.017,0.287,0.000,0.005
9,E,0.354,0.071,0.006,0.000,0.130,0.475,0.039,0.005,0.005,0.008,0.019,0.023,0.009,0.019,0.024,0.086,0.023,0.022,0.020,0.009,0.000,0.008
10,G,0.846,0.018,0.110,0.003,0.000,0.000,0.000,0.868,0.000,0.000,0.000,0.000,0.000,0.000,0.000,0.000,0.000,0.001,0.000,0.000,0.000,0.000
11,T,0.302,0.018,0.009,0.001,0.001,0.074,0.003,0.000,0.003,0.084,0.091,0.084,0.005,0.003,0.000,0.070,0.038,0.025,0.298,0.192,0.000,0.002
12,V,0.781,0.017,0.009,0.000,0.000,0.000,0.000,0.000,0.000,0.215,0.000,0.001,0.000,0.000,0.000,0.000,0.000,0.000,0.001,0.757,0.000,0.000
13,V,0.300,0.016,0.015,0.000,0.038,0.058,0.001,0.001,0.001,0.160,0.047,0.133,0.013,0.010,0.000,0.014,0.010,0.027,0.240,0.215,0.000,0.000
14,D,0.633,0.014,0.013,0.000,0.078,0.732,0.000,0.002,0.002,0.001,0.063,0.002,0.001,0.009,0.000,0.044,0.024,0.008,0.005,0.001,0.000,0.000
15,T,0.247,0.013,0.239,0.028,0.001,0.004,0.001,0.001,0.009,0.036,0.018,0.086,0.090,0.029,0.066,0.002,0.004,0.117,0.145,0.111,0.000,0.000
16,L,0.834,0.011,0.001,0.000,0.001,0.000,0.013,0.001,0.006,0.003,0.001,0.913,0.023,0.004,0.001,0.006,0.003,0.003,0.001,0.004,0.000,0.006
17,P,0.683,0.010,0.018,0.000,0.001,0.000,0.000,0.138,0.000,0.000,0.005,0.000,0.001,0.002,0.731,0.001,0.023,0.068,0.003,0.000,0.000,0.000
18,N,0.636,0.010,0.039,0.000,0.094,0.006,0.005,0.066,0.005,0.000,0.003,0.000,0.000,0.724,0.001,0.002,0.002,0.033,0.003,0.000,0.000,0.006
19,T,0.492,0.009,0.473,0.001,0.020,0.003,0.000,0.186,0.000,0.001,0.001,0.005,0.005,0.033,0.001,0.003,0.006,0.057,0.194,0.002,0.000,0.000
20,M,0.432,0.005,0.004,0.001,0.001,0.005,0.010,0.000,0.020,0.011,0.025,0.035,0.484,0.022,0.000,0.032,0.191,0.010,0.126,0.013,0.003,0.002
21,F,0.718,0.004,0.003,0.020,0.000,0.000,0.801,0.000,0.000,0.013,0.000,0.048,0.011,0.000,0.000,0.000,0.000,0.002,0.000,0.038,0.000,0.060
22,R,0.552,0.004,0.003,0.000,0.007,0.063,0.000,0.006,0.005,0.009,0.170,0.021,0.006,0.007,0.000,0.026,0.632,0.007,0.021,0.005,0.004,0.001
23,V,0.836,0.004,0.059,0.003,0.000,0.001,0.000,0.000,0.000,0.035,0.000,0.010,0.000,0.000,0.000,0.000,0.000,0.000,0.001,0.886,0.000,0.000
24,E,0.358,0.003,0.013,0.009,0.016,0.387,0.003,0.001,0.008,0.008,0.184,0.024,0.030,0.003,0.001,0.070,0.147,0.009,0.066,0.013,0.000,0.004
25,L,0.770,0.003,0.001,0.129,0.000,0.000,0.004,0.001,0.000,0.027,0.000,0.813,0.004,0.000,0.000,0.000,0.000,0.002,0.004,0.011,0.000,0.000
26,E,0.432,0.003,0.048,0.000,0.263,0.465,0.039,0.007,0.001,0.017,0.014,0.006,0.008,0.009,0.031,0.033,0.002,0.025,0.020,0.007,0.000,0.002
27,N,0.686,0.003,0.007,0.000,0.153,0.009,0.000,0.021,0.001,0.003,0.003,0.001,0.001,0.745,0.002,0.007,0.001,0.026,0.017,0.001,0.000,0.000
28,G,0.681,0.002,0.004,0.000,0.076,0.078,0.000,0.756,0.001,0.000,0.043,0.000,0.000,0.015,0.001,0.013,0.002,0.005,0.002,0.000,0.000,0.000
29,H,0.452,0.002,0.017,0.013,0.050,0.031,0.016,0.004,0.621,0.009,0.054,0.010,0.008,0.013,0.005,0.021,0.021,0.011,0.039,0.048,0.000,0.008
30,V,0.259,0.002,0.005,0.001,0.011,0.247,0.002,0.002,0.005,0.096,0.151,0.059,0.017,0.019,0.007,0.085,0.046,0.019,0.068,0.157,0.000,0.002
31,V,0.582,0.001,0.004,0.003,0.000,0.000,0.003,0.000,0.000,0.346,0.000,0.062,0.004,0.000,0.000,0.000,0.125,0.000,0.003,0.448,0.000,0.000
32,T,0.556,0.001,0.003,0.000,0.002,0.002,0.002,0.010,0.005,0.131,0.007,0.628,0.028,0.009,0.001,0.004,0.008,0.004,0.113,0.040,0.002,0.000
33,A,0.703,0.001,0.712,0.102,0.000,0.000,0.000,0.156,0.000,0.000,0.000,0.000,0.000,0.000,0.000,0.000,0.000,0.006,0.019,0.004,0.000,0.000
34,H,0.610,0.001,0.001,0.001,0.000,0.000,0.009,0.001,0.619,0.002,0.004,0.002,0.001,0.004,0.000,0.006,0.080,0.005,0.039,0.006,0.000,0.220
35,I,0.562,0.001,0.035,0.000,0.000,0.000,0.001,0.003,0.000,0.574,0.000,0.101,0.004,0.000,0.003,0.000,0.000,0.015,0.103,0.159,0.000,0.000
36,S,0.642,0.001,0.127,0.011,0.000,0.001,0.000,0.029,0.000,0.000,0.004,0.001,0.000,0.001,0.057,0.000,0.069,0.695,0.003,0.001,0.000,0.000
37,G,0.967,0.001,0.001,0.000,0.002,0.001,0.000,0.987,0.000,0.000,0.002,0.000,0.000,0.000,0.001,0.000,0.001,0.001,0.000,0.000,0.000,0.000
38,K,0.819,0.001,0.003,0.000,0.001,0.001,0.000,0.001,0.000,0.001,0.830,0.000,0.000,0.003,0.000,0.003,0.153,0.002,0.001,0.000,0.000,0.000
39,M,0.681,0.001,0.003,0.000,0.000,0.000,0.003,0.000,0.000,0.195,0.000,0.118,0.665,0.001,0.001,0.001,0.000,0.001,0.001,0.008,0.000,0.001
40,R,0.817,0.001,0.002,0.000,0.001,0.001,0.000,0.002,0.016,0.000,0.077,0.001,0.001,0.000,0.000,0.017,0.874,0.002,0.003,0.001,0.000,0.000
41,K,0.477,0.001,0.001,0.002,0.001,0.001,0.003,0.001,0.003,0.016,0.430,0.032,0.291,0.001,0.001,0.046,0.126,0.015,0.005,0.013,0.000,0.010
42,N,0.474,0.128,0.002,0.000,0.001,0.000,0.045,0.003,0.345,0.000,0.004,0.002,0.000,0.350,0.000,0.001,0.020,0.063,0.001,0.001,0.000,0.033
43,Y,0.455,0.003,0.001,0.001,0.000,0.001,0.225,0.000,0.054,0.000,0.079,0.005,0.001,0.014,0.000,0.001,0.209,0.027,0.002,0.001,0.002,0.373
44,I,0.809,0.002,0.003,0.000,0.001,0.001,0.001,0.000,0.001,0.864,0.001,0.007,0.009,0.001,0.001,0.002,0.001,0.001,0.013,0.091,0.000,0.000
45,R,0.678,0.002,0.000,0.000,0.000,0.001,0.000,0.001,0.003,0.000,0.187,0.001,0.001,0.001,0.000,0.004,0.665,0.002,0.002,0.001,0.126,0.000
46,I,0.734,0.002,0.001,0.001,0.000,0.000,0.002,0.000,0.000,0.774,0.000,0.054,0.008,0.000,0.000,0.000,0.000,0.010,0.015,0.133,0.000,0.000
47,L,0.595,0.003,0.023,0.000,0.001,0.004,0.004,0.004,0.001,0.030,0.011,0.723,0.018,0.045,0.002,0.002,0.050,0.008,0.013,0.055,0.000,0.003
48,T,0.430,0.003,0.140,0.001,0.003,0.057,0.000,0.000,0.000,0.017,0.004,0.042,0.017,0.003,0.500,0.037,0.007,0.005,0.093,0.071,0.000,0.000
49,G,0.836,0.004,0.002,0.000,0.023,0.034,0.004,0.906,0.002,0.000,0.001,0.001,0.000,0.006,0.000,0.004,0.001,0.006,0.000,0.001,0.001,0.004
50,D,0.967,0.004,0.001,0.000,0.986,0.001,0.000,0.000,0.000,0.000,0.000,0.000,0.000,0.003,0.000,0.000,0.000,0.001,0.000,0.001,0.000,0.000
51,K,0.465,0.005,0.008,0.000,0.003,0.015,0.001,0.001,0.005,0.075,0.375,0.013,0.005,0.010,0.001,0.013,0.379,0.015,0.029,0.045,0.000,0.002
52,V,0.909,0.004,0.001,0.000,0.000,0.000,0.000,0.000,0.000,0.057,0.000,0.003,0.000,0.000,0.000,0.000,0.000,0.000,0.000,0.935,0.000,0.000
53,R,0.329,0.005,0.013,0.000,0.009,0.011,0.000,0.005,0.005,0.039,0.237,0.178,0.012,0.011,0.000,0.026,0.066,0.039,0.280,0.063,0.000,0.000
54,V,0.660,0.005,0.009,0.006,0.000,0.000,0.001,0.001,0.000,0.133,0.000,0.160,0.022,0.000,0.000,0.000,0.000,0.000,0.000,0.663,0.000,0.000
55,E,0.705,0.005,0.022,0.000,0.008,0.806,0.000,0.036,0.000,0.002,0.013,0.001,0.001,0.001,0.000,0.044,0.003,0.039,0.002,0.015,0.000,0.001
56,L,0.539,0.006,0.000,0.000,0.000,0.000,0.007,0.000,0.000,0.071,0.001,0.483,0.272,0.000,0.066,0.000,0.001,0.001,0.002,0.087,0.000,0.001
57,T,0.611,0.006,0.002,0.001,0.010,0.001,0.000,0.001,0.002,0.000,0.000,0.000,0.000,0.004,0.006,0.000,0.058,0.613,0.222,0.000,0.070,0.000
58,P,0.634,0.008,0.012,0.001,0.093,0.024,0.000,0.003,0.004,0.005,0.006,0.004,0.002,0.001,0.742,0.005,0.054,0.015,0.008,0.014,0.000,0.000
59,Y,0.813,0.012,0.002,0.001,0.000,0.000,0.051,0.001,0.003,0.003,0.000,0.005,0.000,0.001,0.000,0.001,0.001,0.001,0.001,0.009,0.023,0.885
60,D,0.790,0.009,0.000,0.000,0.835,0.004,0.000,0.013,0.000,0.000,0.001,0.000,0.000,0.006,0.000,0.117,0.001,0.012,0.000,0.000,0.000,0.001
61,L,0.600,0.022,0.003,0.000,0.090,0.007,0.007,0.006,0.000,0.006,0.007,0.710,0.009,0.004,0.027,0.002,0.006,0.076,0.012,0.004,0.000,0.001
62,S,0.484,0.010,0.014,0.000,0.065,0.083,0.000,0.021,0.001,0.000,0.021,0.001,0.000,0.048,0.000,0.006,0.005,0.230,0.493,0.001,0.000,0.000
63,K,0.714,0.010,0.000,0.000,0.000,0.000,0.000,0.001,0.007,0.001,0.566,0.002,0.001,0.002,0.000,0.007,0.399,0.000,0.001,0.001,0.000,0.000
64,G,0.819,0.010,0.145,0.008,0.000,0.000,0.000,0.832,0.000,0.000,0.000,0.000,0.000,0.000,0.000,0.000,0.001,0.001,0.000,0.002,0.000,0.000
65,R,0.797,0.011,0.000,0.003,0.114,0.002,0.001,0.000,0.002,0.003,0.003,0.005,0.001,0.008,0.000,0.000,0.844,0.000,0.002,0.001,0.000,0.000
66,I,0.849,0.011,0.000,0.000,0.000,0.000,0.000,0.000,0.000,0.881,0.000,0.015,0.000,0.000,0.000,0.000,0.000,0.000,0.002,0.090,0.000,0.000
67,T,0.498,0.014,0.003,0.001,0.000,0.012,0.002,0.000,0.000,0.245,0.004,0.016,0.005,0.030,0.000,0.000,0.003,0.020,0.401,0.243,0.001,0.000
68,Y,0.513,0.019,0.002,0.001,0.000,0.002,0.265,0.001,0.014,0.000,0.011,0.043,0.004,0.000,0.000,0.006,0.017,0.005,0.001,0.006,0.098,0.502
69,R,0.881,0.022,0.000,0.000,0.000,0.000,0.000,0.000,0.000,0.000,0.064,0.000,0.000,0.001,0.000,0.000,0.911,0.000,0.000,0.000,0.000,0.000
70,A,0.258,0.072,0.061,0.001,0.017,0.049,0.103,0.016,0.124,0.004,0.025,0.107,0.015,0.009,0.002,0.015,0.003,0.038,0.007,0.010,0.000,0.324
71,R,0.656,0.339,0.000,0.000,0.000,0.000,0.000,0.000,0.000,0.000,0.458,0.000,0.000,0.000,0.000,0.000,0.203,0.000,0.000,0.000,0.000,0.000
