i,A_i,conservation,-,A,C,D,E,F,G,H,I,K,L,M,N,P,Q,R,S,T,V,W,Y
0,M,1.000,0.000,0.000,0.000,0.000,0.000,0.000,0.000,0.000,0.000,0.000,0.000,1.000,0.000,0.000,0.000,0.000,0.000,0.000,0.000,0.000,0.000
1,Q,0.492,0.624,0.018,0.000,0.010,0.071,0.000,0.002,0.015,0.013,0.068,0.006,0.001,0.016,0.007,0.057,0.050,0.014,0.021,0.003,0.000,0.002
2,T,0.429,0.483,0.005,0.004,0.005,0.042,0.000,0.001,0.004,0.017,0.059,0.003,0.002,0.011,0.001,0.031,0.075,0.029,0.199,0.027,0.000,0.000
3,L,0.526,0.394,0.001,0.000,0.000,0.001,0.006,0.000,0.000,0.186,0.001,0.193,0.004,0.000,0.000,0.001,0.001,0.000,0.003,0.207,0.000,0.002
4,K,0.259,0.372,0.015,0.001,0.037,0.054,0.003,0.004,0.064,0.012,0.043,0.010,0.004,0.052,0.056,0.041,0.067,0.033,0.117,0.009,0.002,0.004
5,V,0.635,0.351,0.003,0.001,0.000,0.000,0.002,0.002,0.000,0.084,0.000,0.022,0.003,0.000,0.000,0.001,0.000,0.000,0.005,0.524,0.000,0.001
6,D,0.261,0.340,0.085,0.002,0.116,0.090,0.001,0.040,0.018,0.003,0.042,0.002,0.001,0.075,0.036,0.029,0.034,0.046,0.037,0.004,0.000,0.001
7,L,0.511,0.397,0.026,0.001,0.001,0.001,0.009,0.008,0.004,0.029,0.001,0.401,0.002,0.002,0.001,0.002,0.001,0.020,0.067,0.018,0.000,0.009
8,G,0.341,0.268,0.078,0.001,0.027,0.036,0.001,0.339,0.004,0.002,0.046,0.003,0.001,0.015,0.063,0.027,0.010,0.039,0.032,0.008,0.000,0.000
9,E,0.249,0.233,0.083,0.001,0.136,0.191,0.001,0.057,0.013,0.004,0.035,0.006,0.001,0.033,0.019,0.029,0.012,0.093,0.047,0.005,0.000,0.001
10,R,0.278,0.202,0.040,0.001,0.032,0.022,0.010,0.040,0.042,0.015,0.059,0.005,0.001,0.046,0.016,0.028,0.364,0.032,0.022,0.012,0.001,0.011
11,S,0.293,0.163,0.075,0.006,0.034,0.039,0.002,0.036,0.009,0.004,0.018,0.002,0.000,0.041,0.119,0.021,0.035,0.351,0.039,0.004,0.000,0.001
12,Y,0.717,0.145,0.004,0.005,0.001,0.004,0.004,0.002,0.008,0.002,0.001,0.000,0.000,0.002,0.000,0.008,0.001,0.020,0.011,0.004,0.000,0.778
13,P,0.313,0.117,0.018,0.001,0.246,0.093,0.003,0.006,0.007,0.003,0.027,0.005,0.001,0.030,0.299,0.026,0.025,0.052,0.034,0.005,0.001,0.001
14,I,0.618,0.103,0.005,0.001,0.000,0.000,0.009,0.000,0.000,0.496,0.000,0.020,0.001,0.000,0.000,0.000,0.000,0.000,0.001,0.356,0.000,0.006
15,H,0.167,0.097,0.024,0.009,0.008,0.025,0.058,0.001,0.132,0.080,0.012,0.141,0.006,0.005,0.000,0.015,0.056,0.020,0.044,0.137,0.012,0.117
16,I,0.514,0.094,0.005,0.007,0.000,0.001,0.115,0.001,0.000,0.525,0.002,0.043,0.006,0.001,0.000,0.001,0.001,0.002,0.004,0.182,0.001,0.011
17,G,0.430,0.092,0.049,0.009,0.036,0.078,0.001,0.558,0.004,0.004,0.013,0.008,0.001,0.029,0.000,0.014,0.010,0.027,0.051,0.016,0.000,0.001
18,E,0.140,0.091,0.095,0.004,0.058,0.107,0.012,0.014,0.044,0.002,0.045,0.003,0.001,0.051,0.107,0.045,0.132,0.108,0.054,0.007,0.005,0.016
19,G,0.401,0.100,0.015,0.001,0.113,0.028,0.001,0.493,0.032,0.002,0.023,0.004,0.001,0.091,0.003,0.026,0.017,0.039,0.009,0.002,0.000,0.002
20,L,0.378,0.098,0.085,0.018,0.002,0.003,0.025,0.025,0.001,0.107,0.001,0.467,0.008,0.010,0.003,0.004,0.005,0.025,0.011,0.093,0.004,0.005
21,L,0.340,0.110,0.023,0.001,0.008,0.014,0.103,0.006,0.005,0.093,0.008,0.458,0.012,0.006,0.004,0.010,0.035,0.019,0.016,0.023,0.012,0.034
22,D,0.172,0.091,0.143,0.003,0.173,0.084,0.006,0.105,0.024,0.004,0.044,0.010,0.001,0.057,0.030,0.047,0.031,0.098,0.038,0.006,0.000,0.003
23,Q,0.127,0.085,0.054,0.003,0.105,0.133,0.006,0.024,0.031,0.012,0.049,0.045,0.004,0.046,0.036,0.110,0.133,0.065,0.035,0.012,0.001,0.011
24,P,0.246,0.080,0.174,0.007,0.016,0.017,0.025,0.028,0.005,0.089,0.016,0.317,0.005,0.008,0.055,0.010,0.007,0.037,0.027,0.068,0.002,0.007
25,E,0.156,0.073,0.162,0.001,0.078,0.132,0.002,0.075,0.013,0.006,0.043,0.012,0.002,0.084,0.102,0.043,0.038,0.071,0.041,0.018,0.001,0.003
26,L,0.091,0.067,0.078,0.006,0.070,0.137,0.018,0.037,0.037,0.017,0.039,0.144,0.005,0.027,0.017,0.051,0.073,0.058,0.055,0.015,0.020,0.029
27,L,0.314,0.059,0.039,0.018,0.000,0.003,0.106,0.001,0.020,0.165,0.002,0.371,0.025,0.001,0.001,0.003,0.009,0.009,0.014,0.085,0.017,0.051
28,A,0.193,0.058,0.194,0.006,0.011,0.026,0.015,0.019,0.008,0.085,0.062,0.238,0.008,0.011,0.009,0.027,0.064,0.048,0.036,0.065,0.005,0.004
29,P,0.168,0.063,0.116,0.001,0.062,0.088,0.004,0.088,0.014,0.003,0.097,0.007,0.001,0.035,0.169,0.054,0.079,0.078,0.032,0.006,0.001,0.002
30,H,0.071,0.079,0.069,0.011,0.051,0.072,0.030,0.042,0.081,0.027,0.043,0.162,0.008,0.039,0.025,0.038,0.057,0.047,0.033,0.039,0.004,0.042
31,I,0.156,0.201,0.045,0.019,0.005,0.011,0.040,0.051,0.014,0.100,0.045,0.203,0.009,0.033,0.024,0.010,0.021,0.026,0.024,0.068,0.015,0.036
32,A,0.115,0.094,0.091,0.003,0.042,0.033,0.019,0.087,0.024,0.013,0.129,0.046,0.003,0.047,0.095,0.034,0.109,0.074,0.035,0.016,0.002,0.005
33,G,0.141,0.036,0.138,0.006,0.026,0.015,0.028,0.221,0.017,0.012,0.049,0.013,0.001,0.029,0.074,0.027,0.075,0.066,0.032,0.056,0.008,0.070
34,R,0.182,0.031,0.059,0.007,0.059,0.032,0.002,0.082,0.023,0.006,0.129,0.007,0.001,0.027,0.046,0.055,0.181,0.175,0.058,0.016,0.000,0.003
35,Q,0.333,0.028,0.026,0.002,0.013,0.009,0.002,0.013,0.031,0.003,0.285,0.005,0.002,0.030,0.026,0.099,0.317,0.049,0.054,0.005,0.000,0.001
36,V,0.349,0.027,0.142,0.041,0.001,0.000,0.019,0.004,0.003,0.151,0.004,0.084,0.009,0.002,0.007,0.001,0.023,0.008,0.030,0.403,0.003,0.038
37,A,0.328,0.026,0.248,0.026,0.000,0.001,0.150,0.014,0.006,0.040,0.000,0.239,0.067,0.000,0.009,0.002,0.001,0.002,0.007,0.143,0.006,0.013
38,I,0.533,0.025,0.023,0.004,0.000,0.000,0.033,0.000,0.000,0.412,0.000,0.140,0.007,0.000,0.001,0.000,0.000,0.000,0.003,0.345,0.002,0.004
39,I,0.583,0.025,0.005,0.002,0.000,0.000,0.025,0.001,0.000,0.285,0.000,0.148,0.004,0.000,0.000,0.000,0.000,0.000,0.000,0.500,0.002,0.003
40,S,0.417,0.024,0.051,0.013,0.000,0.000,0.007,0.002,0.089,0.044,0.000,0.014,0.009,0.001,0.000,0.000,0.002,0.162,0.463,0.104,0.000,0.014
41,N,0.559,0.024,0.026,0.000,0.594,0.017,0.000,0.003,0.005,0.000,0.000,0.000,0.000,0.216,0.052,0.033,0.000,0.018,0.012,0.002,0.000,0.000
42,E,0.248,0.024,0.079,0.001,0.088,0.279,0.001,0.015,0.008,0.003,0.035,0.004,0.001,0.018,0.106,0.036,0.055,0.117,0.117,0.010,0.000,0.002
43,T,0.271,0.023,0.057,0.001,0.010,0.018,0.003,0.055,0.056,0.017,0.033,0.008,0.003,0.285,0.031,0.021,0.029,0.032,0.273,0.040,0.000,0.003
44,V,0.559,0.023,0.012,0.002,0.001,0.001,0.004,0.001,0.000,0.103,0.000,0.149,0.008,0.000,0.002,0.001,0.002,0.005,0.096,0.590,0.000,0.000
45,A,0.235,0.025,0.413,0.002,0.039,0.047,0.042,0.079,0.041,0.006,0.029,0.030,0.008,0.032,0.024,0.018,0.039,0.041,0.014,0.013,0.019,0.038
46,P,0.202,0.024,0.128,0.001,0.054,0.107,0.003,0.060,0.011,0.005,0.093,0.008,0.002,0.033,0.248,0.041,0.084,0.055,0.026,0.011,0.005,0.002
47,L,0.335,0.024,0.057,0.006,0.006,0.010,0.032,0.003,0.106,0.051,0.016,0.486,0.005,0.011,0.007,0.015,0.034,0.016,0.050,0.020,0.003,0.042
48,Y,0.420,0.134,0.018,0.094,0.000,0.000,0.026,0.000,0.175,0.007,0.001,0.019,0.002,0.002,0.006,0.016,0.001,0.002,0.004,0.012,0.029,0.451
49,L,0.335,0.034,0.164,0.001,0.009,0.014,0.010,0.214,0.003,0.013,0.018,0.369,0.009,0.004,0.020,0.015,0.020,0.025,0.010,0.023,0.005,0.020
50,E,0.231,0.037,0.103,0.001,0.170,0.227,0.001,0.031,0.013,0.002,0.061,0.005,0.002,0.034,0.142,0.058,0.034,0.051,0.021,0.006,0.001,0.002
51,R,0.131,0.038,0.140,0.001,0.036,0.049,0.009,0.018,0.014,0.027,0.110,0.054,0.006,0.015,0.047,0.078,0.164,0.041,0.090,0.041,0.001,0.020
52,L,0.436,0.034,0.045,0.009,0.000,0.000,0.095,0.000,0.000,0.144,0.001,0.383,0.015,0.000,0.001,0.000,0.001,0.001,0.014,0.248,0.002,0.008
53,N,0.139,0.037,0.079,0.013,0.019,0.110,0.007,0.016,0.009,0.040,0.106,0.120,0.027,0.012,0.012,0.086,0.166,0.036,0.051,0.049,0.000,0.005
54,R,0.187,0.052,0.225,0.001,0.086,0.125,0.003,0.042,0.014,0.004,0.084,0.010,0.002,0.046,0.020,0.074,0.061,0.091,0.048,0.007,0.001,0.002
55,S,0.123,0.067,0.173,0.008,0.027,0.034,0.016,0.061,0.019,0.034,0.030,0.067,0.012,0.033,0.006,0.046,0.031,0.181,0.043,0.034,0.005,0.075
56,L,0.550,0.065,0.013,0.016,0.002,0.004,0.120,0.002,0.001,0.054,0.004,0.653,0.014,0.001,0.004,0.004,0.003,0.006,0.007,0.022,0.001,0.002
57,A,0.198,0.058,0.309,0.005,0.045,0.082,0.003,0.031,0.041,0.004,0.064,0.015,0.003,0.037,0.041,0.062,0.032,0.087,0.062,0.014,0.001,0.005
58,A,0.327,0.087,0.046,0.003,0.076,0.045,0.005,0.472,0.042,0.006,0.038,0.017,0.002,0.044,0.007,0.027,0.024,0.036,0.014,0.004,0.000,0.006
59,Y,0.141,0.092,0.039,0.014,0.014,0.012,0.128,0.014,0.013,0.146,0.064,0.135,0.006,0.010,0.019,0.012,0.038,0.025,0.017,0.092,0.011,0.099
60,S,0.138,0.046,0.079,0.005,0.109,0.176,0.004,0.019,0.018,0.014,0.073,0.015,0.003,0.048,0.057,0.084,0.091,0.058,0.066,0.031,0.000,0.004
61,V,0.209,0.021,0.151,0.029,0.009,0.006,0.042,0.013,0.037,0.072,0.005,0.068,0.013,0.005,0.056,0.005,0.006,0.047,0.063,0.306,0.014,0.030
62,I,0.088,0.015,0.064,0.010,0.091,0.138,0.036,0.022,0.081,0.036,0.043,0.086,0.003,0.025,0.029,0.025,0.046,0.077,0.078,0.069,0.001,0.024
63,S,0.135,0.012,0.074,0.010,0.010,0.045,0.020,0.003,0.023,0.108,0.030,0.125,0.011,0.005,0.064,0.019,0.048,0.092,0.122,0.146,0.016,0.015
64,V,0.288,0.011,0.054,0.031,0.000,0.006,0.092,0.002,0.046,0.271,0.010,0.187,0.020,0.001,0.000,0.005,0.007,0.009,0.011,0.172,0.004,0.062
65,I,0.249,0.011,0.054,0.007,0.009,0.169,0.009,0.007,0.003,0.162,0.016,0.055,0.004,0.006,0.033,0.031,0.015,0.038,0.115,0.251,0.001,0.005
66,L,0.476,0.011,0.014,0.002,0.000,0.000,0.070,0.000,0.004,0.255,0.000,0.340,0.024,0.000,0.000,0.001,0.001,0.001,0.013,0.258,0.001,0.003
67,P,0.508,0.011,0.042,0.001,0.034,0.092,0.001,0.022,0.003,0.003,0.045,0.005,0.004,0.012,0.645,0.015,0.023,0.023,0.016,0.005,0.000,0.001
68,D,0.357,0.011,0.256,0.003,0.318,0.027,0.001,0.069,0.011,0.014,0.002,0.003,0.001,0.021,0.146,0.009,0.005,0.077,0.016,0.010,0.000,0.001
69,G,0.751,0.010,0.081,0.000,0.008,0.004,0.000,0.835,0.002,0.001,0.002,0.001,0.002,0.007,0.001,0.000,0.006,0.017,0.019,0.002,0.001,0.000
70,E,0.937,0.010,0.000,0.000,0.020,0.965,0.000,0.001,0.000,0.000,0.001,0.000,0.000,0.000,0.000,0.000,0.000,0.000,0.000,0.000,0.000,0.000
71,A,0.210,0.010,0.212,0.002,0.035,0.173,0.001,0.050,0.014,0.021,0.104,0.008,0.003,0.017,0.020,0.123,0.050,0.087,0.046,0.021,0.001,0.002
72,H,0.214,0.010,0.142,0.021,0.011,0.017,0.041,0.053,0.095,0.012,0.003,0.007,0.005,0.091,0.000,0.017,0.006,0.215,0.100,0.020,0.000,0.135
73,K,0.980,0.010,0.000,0.000,0.000,0.000,0.000,0.000,0.000,0.000,0.990,0.000,0.000,0.000,0.000,0.000,0.000,0.000,0.000,0.000,0.000,0.000
74,N,0.397,0.010,0.010,0.015,0.059,0.010,0.000,0.017,0.022,0.002,0.006,0.001,0.000,0.236,0.000,0.012,0.035,0.294,0.264,0.006,0.000,0.001
75,W,0.295,0.009,0.043,0.000,0.002,0.004,0.101,0.003,0.003,0.132,0.002,0.361,0.051,0.002,0.027,0.018,0.036,0.013,0.010,0.042,0.123,0.018
76,E,0.250,0.009,0.181,0.000,0.148,0.256,0.004,0.029,0.015,0.003,0.040,0.006,0.001,0.030,0.036,0.083,0.032,0.072,0.043,0.007,0.000,0.004
77,T,0.259,0.009,0.026,0.006,0.002,0.031,0.016,0.025,0.042,0.021,0.004,0.020,0.020,0.039,0.002,0.062,0.020,0.103,0.339,0.186,0.009,0.018
78,L,0.336,0.009,0.155,0.069,0.000,0.000,0.087,0.000,0.000,0.053,0.030,0.316,0.014,0.000,0.000,0.000,0.000,0.004,0.008,0.177,0.015,0.062
79,Q,0.171,0.009,0.150,0.002,0.041,0.230,0.012,0.069,0.009,0.032,0.017,0.038,0.024,0.107,0.010,0.079,0.015,0.067,0.042,0.025,0.001,0.020
80,L,0.123,0.009,0.070,0.001,0.061,0.094,0.053,0.059,0.026,0.008,0.104,0.067,0.011,0.025,0.005,0.109,0.149,0.061,0.049,0.009,0.002,0.027
81,I,0.461,0.009,0.038,0.091,0.000,0.000,0.004,0.003,0.002,0.367,0.000,0.239,0.012,0.000,0.000,0.000,0.000,0.004,0.018,0.210,0.000,0.003
82,F,0.230,0.009,0.023,0.055,0.000,0.030,0.108,0.001,0.020,0.061,0.000,0.136,0.030,0.002,0.000,0.018,0.000,0.012,0.029,0.087,0.231,0.147
83,D,0.304,0.009,0.032,0.001,0.334,0.186,0.001,0.036,0.011,0.001,0.048,0.004,0.001,0.063,0.000,0.063,0.045,0.078,0.083,0.002,0.000,0.002
84,G,0.149,0.009,0.248,0.004,0.023,0.080,0.077,0.034,0.022,0.026,0.059,0.016,0.007,0.008,0.001,0.062,0.077,0.038,0.043,0.070,0.078,0.019
85,L,0.554,0.009,0.089,0.021,0.000,0.000,0.052,0.004,0.000,0.048,0.000,0.623,0.116,0.000,0.000,0.000,0.000,0.001,0.003,0.032,0.002,0.000
86,L,0.304,0.010,0.104,0.005,0.021,0.012,0.029,0.105,0.010,0.104,0.007,0.404,0.015,0.023,0.000,0.009,0.004,0.047,0.043,0.044,0.001,0.005
87,T,0.268,0.011,0.152,0.001,0.106,0.290,0.001,0.036,0.007,0.004,0.066,0.011,0.002,0.027,0.001,0.100,0.082,0.061,0.035,0.007,0.000,0.001
88,A,0.134,0.011,0.203,0.009,0.011,0.056,0.080,0.029,0.074,0.025,0.057,0.110,0.024,0.100,0.000,0.067,0.036,0.044,0.016,0.011,0.006,0.029
89,R,0.363,0.009,0.023,0.001,0.045,0.042,0.001,0.421,0.037,0.000,0.116,0.002,0.000,0.073,0.011,0.037,0.154,0.023,0.004,0.000,0.000,0.002
90,H,0.307,0.008,0.156,0.071,0.000,0.000,0.177,0.011,0.049,0.123,0.001,0.251,0.028,0.000,0.003,0.001,0.001,0.003,0.006,0.091,0.001,0.019
91,D,0.356,0.008,0.014,0.015,0.367,0.158,0.001,0.063,0.011,0.004,0.011,0.004,0.001,0.054,0.008,0.005,0.015,0.052,0.199,0.007,0.000,0.002
92,R,0.942,0.008,0.000,0.000,0.000,0.001,0.000,0.001,0.000,0.000,0.016,0.000,0.000,0.000,0.001,0.000,0.971,0.001,0.001,0.000,0.000,0.000
93,R,0.262,0.008,0.014,0.000,0.147,0.008,0.001,0.085,0.081,0.000,0.205,0.001,0.000,0.082,0.001,0.037,0.099,0.158,0.066,0.000,0.002,0.003
94,T,0.408,0.008,0.066,0.040,0.310,0.031,0.001,0.037,0.005,0.002,0.000,0.003,0.002,0.003,0.000,0.001,0.000,0.291,0.178,0.016,0.004,0.001
95,T,0.243,0.007,0.132,0.047,0.000,0.001,0.039,0.017,0.023,0.042,0.005,0.207,0.021,0.003,0.054,0.002,0.006,0.008,0.175,0.172,0.002,0.036
96,V,0.553,0.007,0.003,0.001,0.000,0.000,0.019,0.000,0.000,0.259,0.000,0.295,0.038,0.000,0.002,0.000,0.000,0.000,0.001,0.375,0.000,0.000
97,I,0.564,0.007,0.015,0.002,0.000,0.000,0.032,0.000,0.000,0.428,0.000,0.144,0.007,0.000,0.000,0.000,0.000,0.000,0.002,0.355,0.001,0.008
98,A,0.606,0.007,0.671,0.007,0.001,0.000,0.000,0.118,0.000,0.007,0.000,0.001,0.000,0.087,0.001,0.000,0.000,0.045,0.019,0.036,0.000,0.001
99,L,0.601,0.007,0.004,0.007,0.000,0.000,0.100,0.000,0.000,0.113,0.000,0.613,0.009,0.000,0.000,0.000,0.000,0.000,0.000,0.143,0.000,0.003
100,G,0.982,0.007,0.000,0.000,0.000,0.000,0.000,0.992,0.000,0.000,0.000,0.000,0.000,0.000,0.000,0.000,0.000,0.001,0.000,0.000,0.000,0.000
101,G,0.985,0.007,0.000,0.000,0.000,0.000,0.000,0.993,0.000,0.000,0.000,0.000,0.000,0.000,0.000,0.000,0.000,0.000,0.000,0.000,0.000,0.000
102,G,0.982,0.006,0.000,0.000,0.000,0.000,0.000,0.992,0.000,0.000,0.000,0.000,0.000,0.000,0.000,0.000,0.000,0.001,0.000,0.000,0.000,0.000
103,V,0.647,0.006,0.173,0.002,0.000,0.000,0.000,0.000,0.000,0.033,0.000,0.018,0.032,0.000,0.000,0.000,0.000,0.017,0.026,0.691,0.000,0.000
104,I,0.548,0.006,0.031,0.012,0.000,0.000,0.004,0.000,0.000,0.346,0.000,0.043,0.005,0.000,0.004,0.000,0.000,0.003,0.099,0.446,0.000,0.000
105,G,0.619,0.006,0.004,0.021,0.000,0.000,0.000,0.622,0.001,0.006,0.000,0.058,0.005,0.002,0.000,0.011,0.000,0.024,0.239,0.001,0.000,0.000
106,D,0.969,0.006,0.000,0.000,0.985,0.001,0.000,0.000,0.000,0.000,0.000,0.000,0.000,0.008,0.000,0.000,0.000,0.000,0.000,0.000,0.000,0.000
107,M,0.551,0.006,0.024,0.000,0.000,0.000,0.010,0.000,0.000,0.104,0.000,0.535,0.211,0.000,0.000,0.000,0.000,0.002,0.014,0.094,0.000,0.000
108,A,0.502,0.006,0.445,0.014,0.000,0.000,0.001,0.153,0.000,0.015,0.000,0.001,0.001,0.000,0.000,0.000,0.000,0.030,0.197,0.138,0.000,0.000
109,G,0.938,0.005,0.014,0.003,0.000,0.000,0.000,0.968,0.000,0.000,0.000,0.000,0.000,0.000,0.000,0.000,0.000,0.004,0.005,0.000,0.000,0.000
110,F,0.802,0.006,0.000,0.001,0.000,0.000,0.849,0.000,0.000,0.000,0.000,0.050,0.005,0.000,0.000,0.000,0.000,0.000,0.001,0.003,0.003,0.082
111,A,0.598,0.006,0.535,0.026,0.000,0.000,0.003,0.003,0.000,0.039,0.000,0.031,0.002,0.000,0.000,0.000,0.000,0.010,0.017,0.328,0.000,0.000
112,A,0.876,0.005,0.923,0.030,0.000,0.000,0.000,0.006,0.000,0.000,0.000,0.000,0.000,0.000,0.000,0.000,0.000,0.030,0.005,0.001,0.000,0.000
113,A,0.710,0.005,0.672,0.007,0.000,0.000,0.000,0.036,0.003,0.000,0.000,0.000,0.000,0.004,0.000,0.000,0.000,0.266,0.004,0.000,0.000,0.000
114,C,0.451,0.005,0.027,0.096,0.000,0.000,0.000,0.003,0.000,0.153,0.000,0.059,0.007,0.001,0.000,0.000,0.000,0.120,0.455,0.073,0.000,0.000
115,Y,0.471,0.005,0.038,0.001,0.000,0.000,0.176,0.001,0.002,0.011,0.000,0.086,0.004,0.000,0.000,0.001,0.000,0.010,0.010,0.032,0.148,0.475
116,Q,0.368,0.005,0.007,0.002,0.000,0.002,0.010,0.003,0.068,0.000,0.135,0.250,0.258,0.005,0.000,0.134,0.103,0.001,0.003,0.002,0.000,0.012
117,R,0.984,0.005,0.000,0.000,0.000,0.000,0.000,0.001,0.000,0.000,0.000,0.000,0.000,0.000,0.000,0.000,0.993,0.000,0.000,0.000,0.000,0.000
118,G,0.931,0.005,0.001,0.000,0.000,0.000,0.000,0.966,0.000,0.000,0.001,0.000,0.000,0.009,0.000,0.000,0.008,0.009,0.001,0.000,0.000,0.000
119,V,0.568,0.004,0.007,0.028,0.000,0.000,0.001,0.000,0.000,0.407,0.000,0.052,0.037,0.000,0.000,0.000,0.000,0.005,0.033,0.425,0.000,0.000
120,D,0.315,0.004,0.061,0.000,0.188,0.015,0.000,0.035,0.018,0.000,0.064,0.001,0.000,0.071,0.229,0.017,0.243,0.039,0.007,0.001,0.000,0.004
121,F,0.509,0.004,0.003,0.017,0.000,0.000,0.561,0.000,0.023,0.014,0.000,0.110,0.001,0.000,0.000,0.001,0.000,0.003,0.003,0.104,0.046,0.110
122,I,0.593,0.004,0.017,0.004,0.001,0.002,0.008,0.017,0.001,0.452,0.001,0.034,0.005,0.001,0.000,0.001,0.001,0.003,0.004,0.431,0.002,0.013
123,Q,0.514,0.004,0.022,0.001,0.000,0.001,0.024,0.002,0.080,0.002,0.004,0.022,0.007,0.103,0.007,0.615,0.079,0.011,0.005,0.002,0.000,0.008
124,V,0.577,0.004,0.013,0.014,0.000,0.000,0.012,0.000,0.000,0.381,0.000,0.074,0.042,0.000,0.000,0.000,0.000,0.000,0.001,0.453,0.001,0.007
125,P,0.932,0.004,0.015,0.001,0.000,0.000,0.000,0.002,0.000,0.000,0.000,0.000,0.000,0.001,0.964,0.000,0.000,0.012,0.001,0.000,0.000,0.000
126,T,0.962,0.004,0.000,0.000,0.000,0.000,0.000,0.000,0.000,0.000,0.000,0.000,0.000,0.000,0.000,0.000,0.000,0.016,0.979,0.000,0.000,0.000
127,T,0.833,0.004,0.000,0.000,0.000,0.000,0.000,0.000,0.000,0.000,0.000,0.000,0.000,0.001,0.000,0.000,0.000,0.183,0.812,0.000,0.000,0.000
128,L,0.762,0.003,0.001,0.000,0.000,0.000,0.007,0.000,0.000,0.047,0.000,0.815,0.005,0.000,0.001,0.000,0.000,0.001,0.017,0.100,0.001,0.001
129,L,0.841,0.003,0.009,0.000,0.000,0.001,0.000,0.000,0.000,0.028,0.000,0.903,0.017,0.000,0.000,0.001,0.000,0.000,0.008,0.029,0.000,0.000
130,S,0.689,0.003,0.614,0.001,0.000,0.000,0.000,0.132,0.000,0.000,0.000,0.000,0.000,0.000,0.000,0.000,0.000,0.248,0.000,0.000,0.000,0.000
131,Q,0.600,0.003,0.026,0.006,0.002,0.000,0.000,0.002,0.054,0.005,0.000,0.025,0.317,0.000,0.000,0.546,0.000,0.002,0.001,0.003,0.000,0.008
132,V,0.698,0.056,0.025,0.010,0.004,0.000,0.001,0.005,0.000,0.057,0.000,0.004,0.002,0.033,0.000,0.000,0.000,0.005,0.008,0.790,0.000,0.000
133,D,0.991,0.003,0.000,0.000,0.996,0.000,0.000,0.000,0.000,0.000,0.000,0.000,0.000,0.000,0.000,0.000,0.000,0.000,0.000,0.000,0.000,0.000
134,S,0.756,0.003,0.389,0.000,0.000,0.000,0.000,0.004,0.000,0.000,0.000,0.000,0.000,0.000,0.000,0.000,0.000,0.600,0.001,0.003,0.000,0.000
135,S,0.711,0.002,0.214,0.014,0.000,0.000,0.000,0.063,0.000,0.000,0.000,0.000,0.000,0.001,0.000,0.000,0.000,0.699,0.002,0.005,0.000,0.000
136,V,0.741,0.002,0.002,0.000,0.000,0.000,0.002,0.000,0.002,0.230,0.000,0.023,0.002,0.000,0.003,0.000,0.000,0.000,0.005,0.725,0.000,0.002
137,G,0.947,0.002,0.006,0.000,0.001,0.000,0.000,0.971,0.000,0.000,0.000,0.000,0.000,0.000,0.000,0.000,0.000,0.020,0.000,0.000,0.000,0.000
138,G,0.826,0.002,0.012,0.000,0.000,0.000,0.001,0.891,0.000,0.018,0.000,0.006,0.000,0.002,0.004,0.001,0.000,0.007,0.000,0.054,0.000,0.002
139,K,0.984,0.002,0.000,0.000,0.000,0.000,0.000,0.000,0.000,0.000,0.993,0.000,0.000,0.000,0.000,0.000,0.004,0.000,0.000,0.000,0.000,0.000
140,T,0.700,0.002,0.004,0.005,0.000,0.000,0.000,0.002,0.000,0.000,0.000,0.013,0.000,0.089,0.000,0.008,0.000,0.008,0.742,0.126,0.000,0.000
141,G,0.746,0.002,0.331,0.004,0.000,0.000,0.000,0.641,0.000,0.000,0.000,0.000,0.000,0.000,0.000,0.000,0.000,0.022,0.000,0.000,0.000,0.000
142,I,0.706,0.002,0.003,0.004,0.000,0.000,0.006,0.000,0.000,0.520,0.000,0.015,0.004,0.000,0.000,0.000,0.000,0.000,0.001,0.442,0.000,0.002
143,N,0.811,0.002,0.000,0.000,0.230,0.000,0.000,0.000,0.001,0.000,0.000,0.000,0.000,0.765,0.000,0.000,0.000,0.001,0.000,0.000,0.000,0.000
144,H,0.332,0.002,0.046,0.001,0.000,0.001,0.099,0.007,0.293,0.029,0.000,0.195,0.008,0.013,0.000,0.001,0.003,0.059,0.183,0.027,0.003,0.032
145,P,0.281,0.003,0.120,0.002,0.049,0.042,0.033,0.094,0.011,0.004,0.048,0.016,0.008,0.034,0.395,0.019,0.059,0.038,0.014,0.007,0.000,0.004
146,L,0.181,0.004,0.136,0.003,0.011,0.111,0.019,0.132,0.062,0.004,0.033,0.204,0.012,0.039,0.006,0.088,0.044,0.034,0.014,0.019,0.003,0.022
147,G,0.552,0.001,0.051,0.006,0.000,0.001,0.020,0.681,0.012,0.017,0.036,0.068,0.002,0.002,0.000,0.005,0.005,0.008,0.008,0.021,0.001,0.054
148,K,0.979,0.001,0.000,0.000,0.000,0.000,0.000,0.000,0.000,0.001,0.991,0.000,0.000,0.000,0.000,0.000,0.003,0.000,0.004,0.000,0.000,0.000
149,N,0.991,0.001,0.000,0.000,0.000,0.000,0.000,0.000,0.000,0.000,0.000,0.000,0.000,0.997,0.000,0.000,0.000,0.001,0.000,0.000,0.000,0.000
150,M,0.470,0.001,0.008,0.001,0.000,0.018,0.035,0.001,0.015,0.045,0.007,0.512,0.241,0.002,0.001,0.051,0.027,0.005,0.003,0.009,0.006,0.010
151,V,0.620,0.001,0.026,0.002,0.000,0.000,0.006,0.000,0.000,0.488,0.000,0.106,0.004,0.000,0.000,0.000,0.000,0.000,0.001,0.362,0.001,0.001
152,G,0.995,0.001,0.001,0.000,0.000,0.000,0.000,0.998,0.000,0.000,0.000,0.000,0.000,0.000,0.000,0.000,0.000,0.000,0.000,0.000,0.000,0.000
153,A,0.560,0.001,0.598,0.010,0.001,0.000,0.002,0.004,0.001,0.008,0.000,0.020,0.002,0.009,0.000,0.002,0.001,0.111,0.144,0.085,0.000,0.000
154,F,0.851,0.001,0.000,0.000,0.000,0.000,0.891,0.000,0.000,0.050,0.000,0.001,0.000,0.000,0.000,0.000,0.000,0.000,0.001,0.004,0.000,0.052
155,Y,0.417,0.001,0.055,0.005,0.001,0.002,0.010,0.001,0.388,0.004,0.024,0.005,0.002,0.040,0.000,0.013,0.014,0.024,0.022,0.006,0.074,0.312
156,Q,0.500,0.001,0.040,0.001,0.009,0.048,0.009,0.000,0.027,0.004,0.003,0.015,0.012,0.023,0.154,0.606,0.006,0.015,0.011,0.013,0.002,0.002
157,P,0.921,0.001,0.035,0.000,0.000,0.000,0.000,0.003,0.000,0.000,0.000,0.000,0.000,0.000,0.951,0.000,0.000,0.010,0.000,0.000,0.000,0.000
158,Q,0.175,0.001,0.129,0.005,0.048,0.098,0.011,0.006,0.011,0.027,0.139,0.038,0.005,0.019,0.001,0.095,0.159,0.104,0.023,0.057,0.008,0.014
159,A,0.301,0.001,0.333,0.030,0.002,0.014,0.049,0.088,0.012,0.012,0.025,0.244,0.051,0.003,0.000,0.013,0.039,0.034,0.012,0.025,0.001,0.012
160,V,0.834,0.000,0.007,0.002,0.000,0.000,0.000,0.000,0.000,0.059,0.000,0.008,0.000,0.001,0.000,0.000,0.000,0.006,0.029,0.888,0.000,0.000
161,L,0.461,0.001,0.007,0.005,0.001,0.004,0.123,0.002,0.005,0.201,0.000,0.440,0.007,0.000,0.000,0.000,0.001,0.001,0.001,0.112,0.019,0.068
162,I,0.361,0.000,0.232,0.118,0.003,0.002,0.010,0.003,0.002,0.341,0.000,0.042,0.018,0.048,0.000,0.001,0.000,0.022,0.017,0.090,0.000,0.051
163,D,0.791,0.000,0.006,0.011,0.881,0.018,0.005,0.001,0.005,0.002,0.000,0.001,0.000,0.033,0.002,0.002,0.000,0.018,0.001,0.003,0.001,0.009
164,T,0.320,0.000,0.021,0.003,0.004,0.004,0.035,0.002,0.003,0.093,0.003,0.221,0.019,0.004,0.175,0.003,0.016,0.038,0.272,0.073,0.001,0.008
165,A,0.241,0.001,0.170,0.003,0.255,0.108,0.004,0.051,0.014,0.006,0.028,0.025,0.004,0.066,0.004,0.041,0.027,0.128,0.048,0.012,0.000,0.004
166,T,0.348,0.000,0.067,0.032,0.000,0.002,0.263,0.000,0.004,0.011,0.000,0.101,0.016,0.001,0.000,0.004,0.005,0.025,0.265,0.160,0.010,0.035
167,L,0.883,0.000,0.002,0.001,0.000,0.000,0.021,0.000,0.000,0.020,0.000,0.937,0.003,0.000,0.001,0.000,0.000,0.000,0.002,0.006,0.004,0.001
168,N,0.197,0.001,0.122,0.002,0.140,0.109,0.001,0.039,0.021,0.003,0.163,0.019,0.003,0.065,0.004,0.071,0.089,0.081,0.053,0.009,0.000,0.004
169,T,0.790,0.000,0.004,0.000,0.002,0.001,0.001,0.010,0.001,0.001,0.001,0.001,0.000,0.001,0.001,0.001,0.001,0.168,0.804,0.001,0.000,0.001
170,L,0.916,0.000,0.001,0.000,0.000,0.002,0.000,0.000,0.000,0.006,0.000,0.956,0.010,0.000,0.000,0.005,0.000,0.001,0.000,0.017,0.000,0.000
171,P,0.621,0.000,0.017,0.001,0.081,0.028,0.000,0.013,0.003,0.000,0.006,0.001,0.000,0.013,0.708,0.002,0.003,0.095,0.027,0.001,0.000,0.000
172,P,0.186,0.001,0.120,0.001,0.133,0.167,0.007,0.013,0.015,0.014,0.085,0.027,0.007,0.015,0.135,0.064,0.102,0.024,0.022,0.037,0.002,0.007
173,R,0.487,0.000,0.054,0.001,0.029,0.061,0.002,0.011,0.020,0.004,0.050,0.005,0.001,0.066,0.010,0.017,0.628,0.017,0.010,0.010,0.002,0.002
174,E,0.554,0.000,0.006,0.001,0.139,0.622,0.011,0.002,0.032,0.007,0.000,0.006,0.001,0.019,0.000,0.119,0.007,0.003,0.005,0.009,0.002,0.007
175,L,0.365,0.000,0.004,0.001,0.000,0.000,0.234,0.000,0.002,0.125,0.011,0.318,0.048,0.000,0.000,0.004,0.028,0.000,0.006,0.083,0.061,0.074
176,S,0.291,0.000,0.107,0.009,0.001,0.005,0.008,0.008,0.009,0.070,0.048,0.107,0.003,0.021,0.001,0.015,0.338,0.136,0.022,0.081,0.001,0.011
177,A,0.501,0.000,0.440,0.034,0.035,0.037,0.000,0.016,0.003,0.000,0.001,0.000,0.000,0.109,0.001,0.007,0.000,0.304,0.012,0.001,0.000,0.001
178,G,0.975,0.000,0.009,0.000,0.000,0.000,0.000,0.987,0.000,0.000,0.000,0.000,0.000,0.000,0.000,0.000,0.000,0.003,0.000,0.000,0.000,0.000
179,L,0.419,0.000,0.009,0.008,0.000,0.000,0.119,0.000,0.001,0.070,0.001,0.375,0.188,0.000,0.000,0.001,0.001,0.008,0.006,0.026,0.016,0.171
180,A,0.722,0.000,0.771,0.007,0.000,0.000,0.003,0.139,0.000,0.007,0.000,0.001,0.002,0.000,0.001,0.001,0.000,0.043,0.002,0.017,0.000,0.005
181,E,0.998,0.000,0.000,0.000,0.000,0.999,0.000,0.000,0.000,0.000,0.000,0.000,0.000,0.000,0.000,0.000,0.000,0.000,0.000,0.000,0.000,0.000
182,V,0.560,0.000,0.097,0.005,0.000,0.000,0.001,0.002,0.000,0.188,0.000,0.038,0.092,0.000,0.000,0.000,0.000,0.008,0.009,0.560,0.000,0.000
183,I,0.567,0.000,0.061,0.001,0.000,0.000,0.015,0.000,0.000,0.479,0.000,0.119,0.009,0.000,0.000,0.001,0.000,0.001,0.001,0.304,0.002,0.006
184,K,0.978,0.000,0.000,0.000,0.000,0.000,0.000,0.000,0.002,0.000,0.990,0.000,0.000,0.000,0.000,0.000,0.007,0.000,0.000,0.000,0.000,0.000
185,Y,0.397,0.000,0.059,0.057,0.000,0.005,0.002,0.011,0.242,0.028,0.002,0.007,0.039,0.007,0.000,0.002,0.000,0.017,0.054,0.053,0.000,0.414
186,G,0.673,0.000,0.264,0.009,0.000,0.000,0.005,0.651,0.015,0.001,0.000,0.002,0.001,0.001,0.000,0.001,0.000,0.039,0.002,0.003,0.005,0.001
187,L,0.439,0.000,0.090,0.032,0.000,0.000,0.151,0.001,0.001,0.090,0.000,0.463,0.026,0.000,0.016,0.000,0.000,0.005,0.004,0.110,0.003,0.006
188,I,0.700,0.000,0.012,0.014,0.000,0.000,0.001,0.002,0.000,0.750,0.000,0.147,0.015,0.000,0.000,0.000,0.000,0.003,0.019,0.037,0.000,0.000
189,C,0.160,0.003,0.223,0.023,0.063,0.015,0.034,0.125,0.014,0.011,0.095,0.050,0.014,0.018,0.000,0.022,0.105,0.066,0.010,0.010,0.056,0.043
190,D,0.651,0.002,0.014,0.001,0.765,0.015,0.000,0.044,0.014,0.000,0.010,0.001,0.000,0.051,0.002,0.005,0.013,0.051,0.004,0.003,0.000,0.004
191,E,0.237,0.003,0.255,0.001,0.017,0.120,0.007,0.046,0.006,0.014,0.093,0.035,0.012,0.010,0.203,0.019,0.069,0.036,0.019,0.022,0.001,0.012
192,P,0.224,0.002,0.171,0.001,0.169,0.209,0.001,0.058,0.007,0.005,0.055,0.009,0.001,0.037,0.055,0.026,0.043,0.065,0.034,0.048,0.001,0.002
193,F,0.427,0.002,0.014,0.000,0.008,0.021,0.432,0.003,0.017,0.122,0.005,0.243,0.023,0.003,0.001,0.003,0.002,0.006,0.010,0.009,0.008,0.069
194,L,0.532,0.004,0.011,0.002,0.001,0.001,0.544,0.001,0.002,0.011,0.001,0.234,0.005,0.001,0.001,0.000,0.007,0.002,0.007,0.021,0.089,0.055
195,T,0.226,0.006,0.130,0.006,0.222,0.227,0.006,0.037,0.020,0.008,0.035,0.013,0.003,0.063,0.005,0.046,0.041,0.058,0.045,0.019,0.000,0.011
196,W,0.256,0.008,0.026,0.001,0.024,0.056,0.064,0.003,0.007,0.030,0.041,0.166,0.013,0.010,0.001,0.037,0.048,0.019,0.022,0.011,0.360,0.053
197,L,0.533,0.013,0.006,0.049,0.001,0.000,0.032,0.001,0.002,0.158,0.001,0.604,0.025,0.002,0.002,0.009,0.000,0.002,0.008,0.077,0.000,0.010
198,E,0.428,0.013,0.032,0.008,0.035,0.603,0.004,0.009,0.007,0.020,0.059,0.048,0.016,0.012,0.001,0.030,0.033,0.029,0.017,0.016,0.001,0.006
199,E,0.198,0.015,0.209,0.001,0.086,0.133,0.002,0.032,0.013,0.006,0.091,0.013,0.004,0.068,0.003,0.094,0.072,0.083,0.059,0.013,0.000,0.003
200,H,0.242,0.110,0.030,0.004,0.102,0.041,0.013,0.020,0.141,0.009,0.025,0.019,0.004,0.331,0.004,0.026,0.032,0.034,0.018,0.008,0.002,0.026
201,V,0.154,0.189,0.134,0.009,0.008,0.004,0.013,0.103,0.013,0.089,0.014,0.081,0.068,0.005,0.084,0.009,0.027,0.031,0.020,0.062,0.024,0.014
202,D,0.181,0.171,0.115,0.001,0.155,0.149,0.013,0.032,0.014,0.006,0.044,0.016,0.002,0.022,0.080,0.051,0.031,0.047,0.032,0.013,0.001,0.005
203,A,0.215,0.138,0.264,0.001,0.095,0.073,0.003,0.052,0.008,0.003,0.088,0.023,0.004,0.028,0.016,0.041,0.075,0.056,0.020,0.008,0.000,0.003
204,L,0.361,0.098,0.093,0.007,0.010,0.006,0.025,0.011,0.002,0.165,0.003,0.417,0.018,0.005,0.009,0.003,0.003,0.014,0.011,0.090,0.003,0.006
205,R,0.163,0.106,0.080,0.006,0.021,0.024,0.054,0.010,0.007,0.048,0.047,0.271,0.041,0.027,0.006,0.021,0.084,0.031,0.040,0.061,0.002,0.013
206,N,0.207,0.100,0.265,0.002,0.136,0.068,0.003,0.035,0.015,0.004,0.044,0.013,0.003,0.061,0.009,0.045,0.057,0.083,0.039,0.008,0.000,0.008
207,L,0.159,0.068,0.038,0.012,0.015,0.018,0.029,0.123,0.010,0.033,0.035,0.194,0.011,0.013,0.089,0.018,0.184,0.026,0.038,0.025,0.010,0.010
208,D,0.259,0.077,0.041,0.001,0.393,0.104,0.005,0.031,0.017,0.020,0.043,0.018,0.002,0.060,0.011,0.024,0.032,0.050,0.043,0.021,0.001,0.005
209,Q,0.096,0.022,0.075,0.001,0.047,0.069,0.015,0.103,0.016,0.021,0.059,0.068,0.038,0.025,0.162,0.039,0.053,0.089,0.054,0.024,0.004,0.017
210,V,0.202,0.013,0.168,0.001,0.161,0.196,0.005,0.040,0.009,0.007,0.049,0.023,0.003,0.034,0.094,0.054,0.022,0.058,0.040,0.019,0.001,0.002
211,A,0.189,0.007,0.303,0.008,0.062,0.055,0.014,0.010,0.040,0.050,0.026,0.088,0.006,0.034,0.034,0.025,0.018,0.031,0.052,0.125,0.003,0.011
212,L,0.373,0.006,0.049,0.008,0.005,0.004,0.035,0.007,0.001,0.084,0.000,0.501,0.065,0.002,0.004,0.007,0.081,0.019,0.037,0.050,0.029,0.006
213,T,0.144,0.005,0.190,0.004,0.064,0.149,0.006,0.033,0.014,0.050,0.036,0.049,0.012,0.023,0.034,0.068,0.079,0.060,0.082,0.039,0.002,0.003
214,E,0.215,0.003,0.044,0.001,0.061,0.298,0.011,0.012,0.092,0.006,0.060,0.010,0.003,0.018,0.025,0.063,0.081,0.033,0.034,0.008,0.009,0.129
215,A,0.355,0.003,0.303,0.025,0.003,0.003,0.015,0.006,0.012,0.156,0.000,0.256,0.049,0.001,0.001,0.013,0.006,0.008,0.019,0.107,0.004,0.010
216,I,0.635,0.002,0.007,0.003,0.000,0.000,0.001,0.000,0.000,0.564,0.000,0.089,0.003,0.006,0.000,0.000,0.000,0.003,0.013,0.306,0.000,0.000
217,S,0.183,0.003,0.185,0.005,0.008,0.163,0.023,0.017,0.038,0.018,0.085,0.042,0.007,0.006,0.005,0.038,0.145,0.033,0.043,0.026,0.006,0.105
218,R,0.365,0.002,0.050,0.003,0.026,0.063,0.002,0.021,0.047,0.015,0.087,0.026,0.006,0.009,0.001,0.042,0.512,0.015,0.047,0.017,0.004,0.003
219,S,0.562,0.002,0.147,0.185,0.000,0.000,0.000,0.059,0.001,0.001,0.011,0.001,0.000,0.029,0.000,0.001,0.000,0.553,0.008,0.001,0.000,0.000
220,C,0.484,0.002,0.093,0.356,0.000,0.000,0.000,0.001,0.000,0.221,0.000,0.037,0.014,0.002,0.000,0.001,0.001,0.007,0.002,0.259,0.000,0.000
221,A,0.256,0.002,0.174,0.001,0.028,0.229,0.004,0.021,0.012,0.010,0.071,0.031,0.006,0.018,0.001,0.143,0.160,0.044,0.021,0.017,0.001,0.005
222,A,0.304,0.002,0.097,0.011,0.009,0.007,0.028,0.011,0.019,0.331,0.003,0.115,0.061,0.034,0.000,0.002,0.003,0.016,0.032,0.200,0.002,0.016
223,K,0.870,0.003,0.000,0.000,0.000,0.000,0.000,0.000,0.046,0.000,0.910,0.000,0.037,0.000,0.000,0.000,0.000,0.000,0.000,0.000,0.000,0.004
224,A,0.465,0.003,0.613,0.004,0.002,0.017,0.001,0.015,0.002,0.018,0.046,0.075,0.020,0.042,0.000,0.018,0.038,0.040,0.015,0.027,0.000,0.004
225,L,0.228,0.003,0.109,0.002,0.184,0.220,0.003,0.046,0.029,0.006,0.078,0.009,0.003,0.042,0.001,0.053,0.125,0.045,0.015,0.004,0.014,0.010
226,V,0.576,0.003,0.006,0.001,0.000,0.022,0.018,0.000,0.047,0.324,0.000,0.027,0.003,0.000,0.000,0.005,0.000,0.001,0.004,0.526,0.000,0.011
227,V,0.798,0.003,0.002,0.004,0.000,0.017,0.000,0.000,0.000,0.077,0.000,0.029,0.003,0.000,0.000,0.000,0.000,0.000,0.008,0.857,0.000,0.000
228,N,0.295,0.003,0.304,0.005,0.009,0.174,0.001,0.083,0.003,0.011,0.022,0.023,0.016,0.016,0.000,0.035,0.022,0.174,0.060,0.035,0.000,0.003
229,A,0.226,0.003,0.195,0.002,0.023,0.166,0.001,0.039,0.008,0.021,0.096,0.025,0.005,0.029,0.032,0.162,0.121,0.039,0.018,0.014,0.000,0.001
230,D,0.933,0.003,0.000,0.000,0.955,0.000,0.000,0.000,0.000,0.000,0.000,0.000,0.000,0.040,0.000,0.000,0.000,0.000,0.000,0.000,0.000,0.000
231,E,0.598,0.003,0.005,0.000,0.001,0.609,0.035,0.000,0.001,0.002,0.005,0.129,0.002,0.000,0.188,0.004,0.002,0.001,0.003,0.006,0.000,0.003
232,R,0.368,0.004,0.001,0.002,0.002,0.008,0.120,0.001,0.048,0.001,0.227,0.039,0.003,0.007,0.000,0.013,0.337,0.002,0.130,0.001,0.019,0.034
233,E,0.890,0.004,0.000,0.000,0.085,0.909,0.000,0.000,0.000,0.000,0.000,0.000,0.000,0.000,0.000,0.000,0.000,0.001,0.000,0.000,0.000,0.000
234,S,0.202,0.004,0.099,0.001,0.018,0.026,0.009,0.085,0.030,0.012,0.116,0.027,0.014,0.053,0.000,0.127,0.048,0.206,0.117,0.004,0.000,0.003
235,G,0.668,0.004,0.009,0.001,0.052,0.009,0.003,0.779,0.013,0.000,0.008,0.004,0.002,0.063,0.000,0.004,0.006,0.030,0.007,0.002,0.000,0.002
236,V,0.261,0.004,0.018,0.001,0.052,0.109,0.004,0.020,0.003,0.114,0.023,0.345,0.011,0.009,0.016,0.035,0.068,0.051,0.014,0.096,0.000,0.007
237,R,0.829,0.004,0.025,0.003,0.019,0.010,0.000,0.006,0.000,0.000,0.001,0.000,0.000,0.002,0.000,0.001,0.901,0.025,0.000,0.001,0.000,0.000
238,A,0.404,0.004,0.443,0.000,0.000,0.119,0.001,0.004,0.011,0.009,0.137,0.017,0.044,0.026,0.000,0.025,0.137,0.008,0.007,0.006,0.000,0.000
239,T,0.354,0.004,0.045,0.007,0.000,0.001,0.038,0.003,0.012,0.292,0.015,0.333,0.007,0.002,0.052,0.004,0.002,0.012,0.049,0.089,0.006,0.027
240,L,0.895,0.004,0.001,0.000,0.000,0.000,0.006,0.000,0.004,0.013,0.000,0.941,0.002,0.000,0.001,0.000,0.000,0.001,0.000,0.027,0.000,0.000
241,N,0.858,0.004,0.016,0.000,0.070,0.007,0.000,0.000,0.000,0.000,0.000,0.000,0.000,0.899,0.000,0.001,0.000,0.000,0.000,0.000,0.000,0.001
242,L,0.619,0.004,0.002,0.000,0.000,0.000,0.390,0.000,0.001,0.000,0.000,0.341,0.001,0.000,0.000,0.000,0.000,0.000,0.000,0.001,0.002,0.256
243,G,0.988,0.004,0.001,0.000,0.000,0.000,0.000,0.995,0.000,0.000,0.000,0.000,0.000,0.000,0.000,0.000,0.000,0.000,0.000,0.000,0.000,0.000
244,H,0.988,0.004,0.000,0.000,0.000,0.000,0.000,0.000,0.995,0.000,0.000,0.000,0.000,0.000,0.000,0.000,0.000,0.000,0.000,0.000,0.000,0.000
245,T,0.852,0.004,0.001,0.001,0.000,0.001,0.000,0.000,0.000,0.001,0.000,0.005,0.000,0.001,0.000,0.000,0.000,0.036,0.902,0.000,0.046,0.000
246,F,0.463,0.005,0.034,0.001,0.000,0.000,0.418,0.000,0.000,0.176,0.000,0.227,0.007,0.000,0.001,0.000,0.000,0.019,0.006,0.068,0.018,0.022
247,G,0.757,0.005,0.167,0.021,0.000,0.000,0.000,0.767,0.000,0.000,0.000,0.000,0.000,0.000,0.000,0.000,0.000,0.040,0.000,0.000,0.000,0.000
248,H,0.917,0.005,0.000,0.000,0.000,0.000,0.000,0.000,0.950,0.000,0.001,0.000,0.000,0.000,0.036,0.001,0.004,0.000,0.000,0.000,0.000,0.002
249,A,0.745,0.005,0.843,0.001,0.000,0.004,0.001,0.032,0.000,0.004,0.040,0.008,0.002,0.000,0.002,0.000,0.006,0.011,0.016,0.025,0.000,0.001
250,I,0.594,0.005,0.002,0.000,0.000,0.000,0.040,0.000,0.005,0.514,0.000,0.309,0.008,0.000,0.000,0.000,0.000,0.000,0.000,0.103,0.001,0.013
251,E,0.987,0.005,0.000,0.000,0.000,0.994,0.000,0.000,0.000,0.000,0.000,0.000,0.000,0.000,0.000,0.000,0.000,0.000,0.000,0.000,0.000,0.000
252,T,0.276,0.005,0.317,0.001,0.000,0.004,0.003,0.016,0.028,0.011,0.089,0.043,0.019,0.036,0.004,0.038,0.065,0.162,0.131,0.012,0.001,0.012
253,H,0.162,0.005,0.199,0.014,0.011,0.115,0.028,0.069,0.046,0.039,0.010,0.151,0.015,0.019,0.001,0.014,0.033,0.018,0.032,0.094,0.007,0.080
254,M,0.197,0.009,0.100,0.024,0.003,0.106,0.051,0.031,0.007,0.004,0.011,0.099,0.072,0.006,0.015,0.037,0.003,0.139,0.227,0.021,0.001,0.036
255,G,0.326,0.010,0.026,0.001,0.073,0.036,0.003,0.448,0.049,0.002,0.034,0.063,0.007,0.096,0.007,0.025,0.078,0.019,0.020,0.002,0.000,0.002
256,Y,0.488,0.043,0.009,0.001,0.006,0.018,0.146,0.018,0.021,0.005,0.025,0.010,0.002,0.010,0.041,0.007,0.006,0.007,0.008,0.008,0.001,0.609
257,G,0.236,0.041,0.045,0.001,0.050,0.071,0.000,0.277,0.011,0.002,0.080,0.003,0.001,0.031,0.015,0.069,0.114,0.123,0.059,0.004,0.000,0.002
258,V,0.264,0.384,0.034,0.001,0.073,0.065,0.001,0.059,0.011,0.002,0.066,0.007,0.001,0.063,0.014,0.032,0.048,0.037,0.055,0.043,0.000,0.003
259,W,0.424,0.010,0.004,0.002,0.000,0.002,0.049,0.000,0.001,0.117,0.001,0.382,0.027,0.000,0.001,0.001,0.003,0.000,0.003,0.072,0.248,0.077
260,L,0.375,0.009,0.019,0.001,0.001,0.001,0.013,0.008,0.005,0.010,0.021,0.450,0.013,0.029,0.041,0.004,0.190,0.072,0.077,0.028,0.000,0.008
261,H,0.984,0.007,0.000,0.000,0.000,0.000,0.000,0.000,0.992,0.000,0.000,0.000,0.000,0.000,0.000,0.000,0.000,0.000,0.000,0.000,0.000,0.000
262,G,0.981,0.007,0.002,0.000,0.000,0.000,0.000,0.991,0.000,0.000,0.000,0.000,0.000,0.000,0.000,0.000,0.000,0.000,0.000,0.000,0.000,0.000
263,E,0.629,0.007,0.063,0.000,0.022,0.758,0.007,0.000,0.040,0.011,0.006,0.006,0.002,0.008,0.001,0.027,0.008,0.005,0.003,0.007,0.000,0.019
264,A,0.787,0.007,0.829,0.049,0.000,0.000,0.000,0.098,0.000,0.000,0.000,0.000,0.000,0.000,0.000,0.000,0.000,0.016,0.001,0.000,0.000,0.000
265,V,0.841,0.007,0.000,0.000,0.000,0.000,0.000,0.000,0.000,0.144,0.000,0.004,0.000,0.000,0.000,0.000,0.000,0.000,0.000,0.845,0.000,0.000
266,A,0.598,0.007,0.628,0.003,0.000,0.000,0.002,0.103,0.000,0.010,0.000,0.011,0.014,0.013,0.000,0.000,0.000,0.188,0.009,0.011,0.000,0.001
267,A,0.395,0.007,0.128,0.030,0.000,0.002,0.010,0.000,0.003,0.417,0.005,0.102,0.031,0.001,0.000,0.001,0.002,0.004,0.022,0.187,0.024,0.019
268,G,0.932,0.007,0.000,0.000,0.036,0.000,0.000,0.956,0.000,0.000,0.000,0.000,0.000,0.000,0.000,0.000,0.000,0.000,0.000,0.000,0.000,0.000
269,T,0.598,0.007,0.002,0.052,0.000,0.000,0.002,0.001,0.000,0.091,0.000,0.120,0.653,0.000,0.000,0.002,0.000,0.006,0.054,0.010,0.000,0.000
270,V,0.349,0.007,0.174,0.030,0.006,0.004,0.003,0.012,0.012,0.132,0.006,0.094,0.048,0.007,0.000,0.005,0.024,0.011,0.010,0.395,0.001,0.017
271,M,0.246,0.008,0.121,0.060,0.001,0.004,0.145,0.024,0.002,0.038,0.018,0.243,0.159,0.002,0.003,0.030,0.006,0.007,0.011,0.044,0.003,0.072
272,A,0.561,0.009,0.641,0.004,0.048,0.152,0.002,0.006,0.000,0.033,0.000,0.004,0.018,0.000,0.000,0.005,0.000,0.041,0.009,0.028,0.000,0.000
273,L,0.374,0.009,0.473,0.028,0.000,0.000,0.076,0.042,0.020,0.018,0.000,0.098,0.014,0.025,0.000,0.001,0.000,0.086,0.073,0.031,0.000,0.004
274,D,0.178,0.010,0.045,0.003,0.081,0.226,0.031,0.010,0.037,0.017,0.075,0.041,0.008,0.011,0.000,0.040,0.179,0.012,0.039,0.024,0.018,0.092
275,M,0.477,0.014,0.024,0.003,0.000,0.001,0.056,0.002,0.001,0.143,0.003,0.554,0.035,0.002,0.000,0.001,0.003,0.001,0.026,0.060,0.002,0.070
276,S,0.657,0.015,0.300,0.006,0.000,0.001,0.006,0.067,0.000,0.000,0.000,0.001,0.001,0.001,0.000,0.001,0.000,0.597,0.004,0.000,0.000,0.001
277,Q,0.145,0.015,0.148,0.022,0.003,0.136,0.020,0.018,0.075,0.010,0.032,0.040,0.015,0.033,0.000,0.058,0.158,0.029,0.021,0.110,0.013,0.044
278,R,0.223,0.017,0.082,0.002,0.019,0.086,0.007,0.011,0.026,0.019,0.130,0.138,0.014,0.024,0.000,0.072,0.275,0.033,0.014,0.014,0.001,0.014
279,L,0.274,0.020,0.082,0.006,0.007,0.024,0.009,0.002,0.014,0.037,0.082,0.388,0.086,0.010,0.001,0.030,0.109,0.021,0.027,0.032,0.002,0.013
280,G,0.532,0.021,0.019,0.013,0.017,0.020,0.011,0.696,0.007,0.003,0.027,0.034,0.002,0.056,0.001,0.012,0.010,0.017,0.019,0.006,0.000,0.010
281,W,0.193,0.021,0.013,0.002,0.019,0.013,0.030,0.095,0.028,0.046,0.022,0.314,0.055,0.027,0.002,0.019,0.108,0.017,0.011,0.029,0.080,0.049
282,I,0.346,0.049,0.054,0.114,0.000,0.001,0.063,0.003,0.001,0.179,0.000,0.376,0.033,0.001,0.001,0.001,0.001,0.014,0.048,0.041,0.018,0.001
283,S,0.290,0.028,0.056,0.002,0.204,0.043,0.000,0.036,0.005,0.001,0.038,0.004,0.001,0.036,0.150,0.016,0.016,0.273,0.089,0.003,0.000,0.001
284,A,0.148,0.025,0.149,0.002,0.116,0.155,0.014,0.033,0.010,0.015,0.075,0.029,0.010,0.019,0.097,0.100,0.043,0.051,0.031,0.020,0.002,0.004
285,Q,0.226,0.043,0.205,0.001,0.129,0.220,0.005,0.082,0.011,0.006,0.038,0.013,0.002,0.026,0.014,0.056,0.014,0.077,0.033,0.021,0.001,0.003
286,E,0.206,0.021,0.068,0.006,0.265,0.177,0.025,0.009,0.007,0.032,0.023,0.076,0.004,0.013,0.010,0.034,0.019,0.030,0.100,0.065,0.004,0.013
287,R,0.210,0.013,0.215,0.018,0.004,0.015,0.036,0.007,0.011,0.025,0.017,0.141,0.014,0.003,0.038,0.011,0.055,0.030,0.065,0.223,0.007,0.052
288,D,0.195,0.012,0.133,0.003,0.189,0.202,0.004,0.036,0.017,0.011,0.053,0.025,0.005,0.044,0.007,0.085,0.051,0.061,0.037,0.016,0.001,0.008
289,R,0.472,0.011,0.032,0.001,0.029,0.095,0.004,0.005,0.009,0.007,0.044,0.028,0.004,0.009,0.004,0.050,0.619,0.017,0.015,0.008,0.001,0.007
